{
  "status": "makehuman_cc0_smpl_projected_demo",
  "message": "Public demo bundle using a MakeHuman CC0 male target mesh with smpl_27554 vertex placement projected from a local reference alignment. Generation code and local source alignment are not included.",
  "vertex_count": 27554,
  "source_alignment": "local smpl_27554 reference alignment (not redistributed)",
  "target_mesh": "MakeHuman male_generic proxy mesh (CC0-1.0)",
  "target_mesh_meta": {
    "url": "https://raw.githubusercontent.com/makehumancommunity/makehuman-assets/master/base/proxymeshes/male_generic/male_generic.obj",
    "license": "CC0-1.0",
    "source": "makehumancommunity/makehuman-assets base/proxymeshes/male_generic",
    "name": "male_generic"
  },
  "projection_method": "body_part_bbox_align_then_open3d_closest_surface",
  "alignment_info": {
    "source_counts": {
      "head": 7875,
      "torso": 5826,
      "left_upper_arm": 1027,
      "right_upper_arm": 1020,
      "left_lower_arm": 1537,
      "right_lower_arm": 1548,
      "left_hand": 1972,
      "right_hand": 1965,
      "left_upper_leg": 920,
      "right_upper_leg": 893,
      "left_lower_leg": 1484,
      "right_lower_leg": 1487
    },
    "target_vertex_counts": {
      "head": 4982,
      "torso": 1550,
      "left_upper_arm": 293,
      "right_upper_arm": 293,
      "left_lower_arm": 207,
      "right_lower_arm": 207,
      "left_hand": 1850,
      "right_hand": 1851,
      "left_upper_leg": 381,
      "right_upper_leg": 381,
      "left_lower_leg": 1398,
      "right_lower_leg": 1398
    },
    "target_face_counts": {
      "head": 9546,
      "torso": 2970,
      "left_upper_arm": 570,
      "right_upper_arm": 570,
      "left_lower_arm": 382,
      "right_lower_arm": 382,
      "left_hand": 3248,
      "right_hand": 3248,
      "left_upper_leg": 728,
      "right_upper_leg": 728,
      "left_lower_leg": 2462,
      "right_lower_leg": 2462
    },
    "part_alignment": {
      "head": {
        "mode": "part_faces",
        "query_count": 7875,
        "target_vertex_count": 4982,
        "target_face_count": 9546,
        "bbox_alignment": {
          "source_bounds": {
            "min": [
              -0.3012157380580902,
              0.18358945846557617,
              -0.12391812354326248
            ],
            "max": [
              0.30325642228126526,
              0.5776103138923645,
              0.14677198231220245
            ]
          },
          "target_bounds": {
            "min": [
              -2.184861898422241,
              5.811241149902344,
              -0.8003789782524109
            ],
            "max": [
              2.184861898422241,
              9.300299644470215,
              1.760699987411499
            ]
          },
          "axis_scales": [
            7.2289910316467285,
            8.855010032653809,
            9.461295127868652
          ],
          "method": "bbox_anisotropic_xyz"
        },
        "distance_mean": 0.09282238781452179,
        "distance_p95": 0.2310744971036911,
        "distance_max": 0.3461608588695526
      },
      "torso": {
        "mode": "part_faces",
        "query_count": 5826,
        "target_vertex_count": 1550,
        "target_face_count": 2970,
        "bbox_alignment": {
          "source_bounds": {
            "min": [
              -0.30034562945365906,
              -0.4432908296585083,
              -0.1279323697090149
            ],
            "max": [
              0.30265000462532043,
              0.1835581660270691,
              0.1744341403245926
            ]
          },
          "target_bounds": {
            "min": [
              -2.0373001098632812,
              -0.13729999959468842,
              -0.9718790054321289
            ],
            "max": [
              2.0373001098632812,
              5.799193859100342,
              1.5132420063018799
            ]
          },
          "axis_scales": [
            6.75726318359375,
            9.470373153686523,
            8.218903541564941
          ],
          "method": "bbox_anisotropic_xyz"
        },
        "distance_mean": 0.21628639101982117,
        "distance_p95": 0.5367530584335327,
        "distance_max": 0.7490053176879883
      },
      "left_upper_arm": {
        "mode": "part_faces",
        "query_count": 1027,
        "target_vertex_count": 293,
        "target_face_count": 570,
        "bbox_alignment": {
          "source_local_bounds": {
            "min": [
              -0.15148283541202545,
              -0.05203338339924812,
              -0.046582385897636414
            ],
            "max": [
              0.1484237015247345,
              0.05401056632399559,
              0.05099185183644295
            ]
          },
          "target_local_bounds": {
            "min": [
              -1.7530690431594849,
              -0.5800256133079529,
              -0.4970063865184784
            ],
            "max": [
              1.3775463104248047,
              0.7623875141143799,
              0.3938910663127899
            ]
          },
          "axis_scales": [
            10.43863582611084,
            12.659027099609375,
            9.130457878112793
          ],
          "source_basis": [
            [
              -0.9960187077522278,
              0.06456468999385834,
              -0.061466287821531296
            ],
            [
              0.02052263543009758,
              0.8370702862739563,
              0.5467103719711304
            ],
            [
              0.08674979954957962,
              0.5432723164558411,
              -0.8350627422332764
            ]
          ],
          "target_basis": [
            [
              -0.641052782535553,
              -0.7631017565727234,
              0.08201868832111359
            ],
            [
              -0.23702289164066315,
              0.2984814941883087,
              0.9245155453681946
            ],
            [
              -0.72998046875,
              0.5732229351997375,
              -0.3722149729728699
            ]
          ],
          "method": "pca_bbox_anisotropic"
        },
        "distance_mean": 0.12543104588985443,
        "distance_p95": 0.3379612863063812,
        "distance_max": 0.7155643701553345
      },
      "right_upper_arm": {
        "mode": "part_faces",
        "query_count": 1020,
        "target_vertex_count": 293,
        "target_face_count": 570,
        "bbox_alignment": {
          "source_local_bounds": {
            "min": [
              -0.15012535452842712,
              -0.053044479340314865,
              -0.04983200877904892
            ],
            "max": [
              0.15128549933433533,
              0.054363712668418884,
              0.04533472657203674
            ]
          },
          "target_local_bounds": {
            "min": [
              -1.7530690431594849,
              -0.5800256133079529,
              -0.3938910663127899
            ],
            "max": [
              1.3775463104248047,
              0.7623875141143799,
              0.4970063865184784
            ]
          },
          "axis_scales": [
            10.386537551879883,
            12.498237609863281,
            9.361437797546387
          ],
          "source_basis": [
            [
              0.9959173798561096,
              0.07086467742919922,
              -0.05591769888997078
            ],
            [
              -0.03043977916240692,
              0.8468112945556641,
              0.5310215950012207
            ],
            [
              0.08498241752386093,
              -0.5271515250205994,
              0.845511257648468
            ]
          ],
          "target_basis": [
            [
              0.641052782535553,
              -0.7631017565727234,
              0.08201868832111359
            ],
            [
              0.23702289164066315,
              0.2984814941883087,
              0.9245155453681946
            ],
            [
              -0.72998046875,
              -0.5732229351997375,
              0.3722149729728699
            ]
          ],
          "method": "pca_bbox_anisotropic"
        },
        "distance_mean": 0.12495867908000946,
        "distance_p95": 0.33014583587646484,
        "distance_max": 0.6879417300224304
      },
      "left_lower_arm": {
        "mode": "part_faces",
        "query_count": 1537,
        "target_vertex_count": 207,
        "target_face_count": 382,
        "bbox_alignment": {
          "source_local_bounds": {
            "min": [
              -0.1564871221780777,
              -0.07082370668649673,
              -0.031528472900390625
            ],
            "max": [
              0.08888867497444153,
              0.08459357917308807,
              0.04281754419207573
            ]
          },
          "target_local_bounds": {
            "min": [
              -1.7172144651412964,
              -0.42593881487846375,
              -0.4410237669944763
            ],
            "max": [
              1.5256876945495605,
              0.3854808211326599,
              0.3244611620903015
            ]
          },
          "axis_scales": [
            13.216064453125,
            5.220909595489502,
            10.296246528625488
          ],
          "source_basis": [
            [
              -0.9661951065063477,
              -0.11758594214916229,
              0.2294352650642395
            ],
            [
              -0.23964619636535645,
              0.08148347586393356,
              -0.9674348831176758
            ],
            [
              0.09506156295537949,
              -0.9897140860557556,
              -0.10690795630216599
            ]
          ],
          "target_basis": [
            [
              -0.5429564714431763,
              -0.3293183445930481,
              0.7724944353103638
            ],
            [
              -0.8252021074295044,
              0.03868400678038597,
              -0.5635114312171936
            ],
            [
              0.1556914895772934,
              -0.9434261918067932,
              -0.29275792837142944
            ]
          ],
          "method": "pca_bbox_anisotropic"
        },
        "distance_mean": 0.13274900615215302,
        "distance_p95": 0.2817782461643219,
        "distance_max": 0.40566709637641907
      },
      "right_lower_arm": {
        "mode": "part_faces",
        "query_count": 1548,
        "target_vertex_count": 207,
        "target_face_count": 382,
        "bbox_alignment": {
          "source_local_bounds": {
            "min": [
              -0.1527060717344284,
              -0.07571142166852951,
              -0.04180807247757912
            ],
            "max": [
              0.08187929540872574,
              0.07996410131454468,
              0.03201882541179657
            ]
          },
          "target_local_bounds": {
            "min": [
              -1.7172144651412964,
              -0.42593881487846375,
              -0.3244611620903015
            ],
            "max": [
              1.5256876945495605,
              0.3854808211326599,
              0.4410237669944763
            ]
          },
          "axis_scales": [
            13.823974609375,
            5.212248802185059,
            10.368645668029785
          ],
          "source_basis": [
            [
              0.985285758972168,
              -0.09075836837291718,
              0.14482715725898743
            ],
            [
              0.14912612736225128,
              0.04249101132154465,
              -0.9879047870635986
            ],
            [
              0.08350678533315659,
              0.9949660897254944,
              0.05540023744106293
            ]
          ],
          "target_basis": [
            [
              0.5429564714431763,
              -0.3293183445930481,
              0.7724944353103638
            ],
            [
              0.8252021074295044,
              0.03868400678038597,
              -0.5635114312171936
            ],
            [
              0.1556914895772934,
              0.9434261918067932,
              0.29275792837142944
            ]
          ],
          "method": "pca_bbox_anisotropic"
        },
        "distance_mean": 0.1362561136484146,
        "distance_p95": 0.2814084589481354,
        "distance_max": 0.41922926902770996
      },
      "left_hand": {
        "mode": "part_faces",
        "query_count": 1972,
        "target_vertex_count": 1850,
        "target_face_count": 3248,
        "bbox_alignment": {
          "source_local_bounds": {
            "min": [
              -0.06556711345911026,
              -0.053001247346401215,
              -0.021388687193393707
            ],
            "max": [
              0.11123991012573242,
              0.05257577821612358,
              0.022151906043291092
            ]
          },
          "target_local_bounds": {
            "min": [
              -1.6921708583831787,
              -0.6690906882286072,
              -0.31748878955841064
            ],
            "max": [
              0.7668908834457397,
              0.8219860196113586,
              0.32984262704849243
            ]
          },
          "axis_scales": [
            13.908167839050293,
            14.123117446899414,
            14.867308616638184
          ],
          "source_basis": [
            [
              -0.047411635518074036,
              0.0023550917394459248,
              0.9988726377487183
            ],
            [
              0.9950210452079773,
              -0.08765257894992828,
              0.04743548110127449
            ],
            [
              0.08766548335552216,
              0.9961483478546143,
              0.0018123864429071546
            ]
          ],
          "target_basis": [
            [
              -0.5143006443977356,
              -0.6578918099403381,
              0.5501574277877808
            ],
            [
              0.5186588764190674,
              0.27228835225105286,
              0.8104641437530518
            ],
            [
              -0.6829991936683655,
              0.7021662592887878,
              0.20118334889411926
            ]
          ],
          "method": "pca_bbox_anisotropic"
        },
        "distance_mean": 0.1763852834701538,
        "distance_p95": 0.5447150468826294,
        "distance_max": 0.6499375104904175
      },
      "right_hand": {
        "mode": "part_faces",
        "query_count": 1965,
        "target_vertex_count": 1851,
        "target_face_count": 3248,
        "bbox_alignment": {
          "source_local_bounds": {
            "min": [
              -0.06692805886268616,
              -0.047631606459617615,
              -0.017209265381097794
            ],
            "max": [
              0.10733477771282196,
              0.05384678393602371,
              0.02064324915409088
            ]
          },
          "target_local_bounds": {
            "min": [
              -1.6918678283691406,
              -0.6703552603721619,
              -0.32986587285995483
            ],
            "max": [
              0.7665022015571594,
              0.8217182755470276,
              0.3176586925983429
            ]
          },
          "axis_scales": [
            14.107253074645996,
            14.703362464904785,
            17.10651397705078
          ],
          "source_basis": [
            [
              0.023031622171401978,
              0.0035405985545367002,
              0.9997284412384033
            ],
            [
              0.9990014433860779,
              0.03821294382214546,
              -0.023150207474827766
            ],
            [
              -0.038284532725811005,
              0.999263346195221,
              -0.0026569569017738104
            ]
          ],
          "target_basis": [
            [
              0.5147565007209778,
              -0.6582753658294678,
              0.5492715835571289
            ],
            [
              -0.5179425477981567,
              0.27176785469055176,
              0.8110966682434082
            ],
            [
              -0.6831993460655212,
              -0.7020084261894226,
              -0.20105454325675964
            ]
          ],
          "method": "pca_bbox_anisotropic"
        },
        "distance_mean": 0.142466738820076,
        "distance_p95": 0.3157961964607239,
        "distance_max": 0.5167833566665649
      },
      "left_upper_leg": {
        "mode": "part_faces",
        "query_count": 920,
        "target_vertex_count": 381,
        "target_face_count": 728,
        "bbox_alignment": {
          "source_bounds": {
            "min": [
              -0.18264003098011017,
              -0.8433260321617126,
              -0.08920089155435562
            ],
            "max": [
              0.0006748996675014496,
              -0.4437137246131897,
              0.1253540962934494
            ]
          },
          "target_bounds": {
            "min": [
              -2.328000068664551,
              -4.316500186920166,
              -0.6121000051498413
            ],
            "max": [
              -0.2037999927997589,
              -0.14980000257492065,
              1.2422000169754028
            ]
          },
          "axis_scales": [
            11.587708473205566,
            10.426856994628906,
            8.642539978027344
          ],
          "method": "bbox_anisotropic_xyz"
        },
        "distance_mean": 0.1155107393860817,
        "distance_p95": 0.32632976770401,
        "distance_max": 0.4248749911785126
      },
      "right_upper_leg": {
        "mode": "part_faces",
        "query_count": 893,
        "target_vertex_count": 381,
        "target_face_count": 728,
        "bbox_alignment": {
          "source_bounds": {
            "min": [
              0.0012802513083443046,
              -0.8416209816932678,
              -0.0849071815609932
            ],
            "max": [
              0.17627187073230743,
              -0.44352400302886963,
              0.13185350596904755
            ]
          },
          "target_bounds": {
            "min": [
              0.2037999927997589,
              -4.316500186920166,
              -0.6121000051498413
            ],
            "max": [
              2.328000068664551,
              -0.14980000257492065,
              1.2422000169754028
            ]
          },
          "axis_scales": [
            12.138867378234863,
            10.466546058654785,
            8.554594993591309
          ],
          "method": "bbox_anisotropic_xyz"
        },
        "distance_mean": 0.1322605311870575,
        "distance_p95": 0.36488521099090576,
        "distance_max": 0.4607451558113098
      },
      "left_lower_leg": {
        "mode": "part_faces",
        "query_count": 1484,
        "target_vertex_count": 1398,
        "target_face_count": 2462,
        "bbox_alignment": {
          "source_bounds": {
            "min": [
              -0.1679878979921341,
              -1.2135130167007446,
              -0.09087536484003067
            ],
            "max": [
              -0.04330551624298096,
              -0.8446155190467834,
              0.17947541177272797
            ]
          },
          "target_bounds": {
            "min": [
              -2.5053999423980713,
              -8.180999755859375,
              -0.5812000036239624
            ],
            "max": [
              -1.1368999481201172,
              -4.345099925994873,
              2.1816999912261963
            ]
          },
          "axis_scales": [
            10.975889205932617,
            10.39828109741211,
            10.219685554504395
          ],
          "method": "bbox_anisotropic_xyz"
        },
        "distance_mean": 0.08457361161708832,
        "distance_p95": 0.2592652440071106,
        "distance_max": 0.3449859917163849
      },
      "right_lower_leg": {
        "mode": "part_faces",
        "query_count": 1487,
        "target_vertex_count": 1398,
        "target_face_count": 2462,
        "bbox_alignment": {
          "source_bounds": {
            "min": [
              0.03917578235268593,
              -1.2098777294158936,
              -0.08656935393810272
            ],
            "max": [
              0.16528984904289246,
              -0.8423041105270386,
              0.1805231273174286
            ]
          },
          "target_bounds": {
            "min": [
              1.1368999481201172,
              -8.180999755859375,
              -0.5812000036239624
            ],
            "max": [
              2.5053999423980713,
              -4.345099925994873,
              2.1816999912261963
            ]
          },
          "axis_scales": [
            10.851286888122559,
            10.435731887817383,
            10.34435749053955
          ],
          "method": "bbox_anisotropic_xyz"
        },
        "distance_mean": 0.08663743734359741,
        "distance_p95": 0.2574995160102844,
        "distance_max": 0.3657345175743103
      }
    }
  },
  "distance_stats": {
    "mean": 0.1367783546447754,
    "median": 0.10722862184047699,
    "p95": 0.4014355540275574,
    "max": 0.7490053176879883
  },
  "surface_proxy_obj": "assets/demo_reference/public/surface_proxy.obj",
  "smpl_27554_surface_points_obj": "assets/demo_reference/public/smpl_27554_surface_points.obj",
  "mapping_npz": "assets/demo_reference/public/smpl_27554_to_surface_map.npz",
  "vertex_csv": "assets/demo_reference/public/vertex_template_points.csv",
  "tri_views": [
    {
      "view": "front",
      "image": "assets/demo_reference/public/tri_views/front.png",
      "vertex_id_map": "assets/demo_reference/public/tri_views/front.vertex_id_map.npz",
      "valid_pixels": 92354
    },
    {
      "view": "back",
      "image": "assets/demo_reference/public/tri_views/back.png",
      "vertex_id_map": "assets/demo_reference/public/tri_views/back.vertex_id_map.npz",
      "valid_pixels": 92354
    },
    {
      "view": "left",
      "image": "assets/demo_reference/public/tri_views/left.png",
      "vertex_id_map": "assets/demo_reference/public/tri_views/left.vertex_id_map.npz",
      "valid_pixels": 54765
    },
    {
      "view": "right",
      "image": "assets/demo_reference/public/tri_views/right.png",
      "vertex_id_map": "assets/demo_reference/public/tri_views/right.vertex_id_map.npz",
      "valid_pixels": 54765
    }
  ],
  "view_specs": {
    "front": {
      "axes": [
        0,
        1
      ],
      "depth": 2,
      "flip_x": false,
      "depth_sign": 1.0
    },
    "back": {
      "axes": [
        0,
        1
      ],
      "depth": 2,
      "flip_x": true,
      "depth_sign": -1.0
    },
    "left": {
      "axes": [
        2,
        1
      ],
      "depth": 0,
      "flip_x": false,
      "depth_sign": -1.0
    },
    "right": {
      "axes": [
        2,
        1
      ],
      "depth": 0,
      "flip_x": true,
      "depth_sign": 1.0
    }
  },
  "asset_class": "makehuman_cc0_projected_demo",
  "license_note": "The MakeHuman target mesh is CC0, but the projected vertex-id placement is derived from the local source alignment. Do not commit this generated alignment unless that source is redistributable.",
  "license": "MakeHuman target mesh is CC0-1.0. This repository includes only the public demo mesh, point map, and tri-view maps; no SMPL model files, DensePose raw assets, generation code, AI-generated people images, or private dataset images are included."
}
